1 AaronPrince NA NA NA NA NA NA NA NA NA NA
2 AdrianGriffiths 905.6 905.6 905.6 905.6 905.6 1081.6 1081.6 1081.6 1081.6 1081.6
3 AlanDobson 948.8 948.8 948.8 948.8 948.8 1124.8 1124.8 1124.8 1124.8 1124.8
4 AlanMoore 956.4 956.4 956.4 956.4 956.4 1132.4 1132.4 1132.4 1132.4 1132.4
5 AleishaNeary 945.8 945.8 945.8 945.8 945.8 1121.8 1121.8 1121.8 1121.8 1121.8
6 AlexandraRiddle 903.4 903.4 903.4 903.4 903.4 1079.4 1079.4 1079.4 1079.4 1079.4
7 AlexBridger 726.4 726.4 726.4 726.4 726.4 902.4 902.4 902.4 902.4 902.4
8 AlexdeBeer 996.8 996.8 996.8 996.8 996.8 1172.8 1172.8 1172.8 1172.8 1172.8
9 AlexMiller 783.2 783.2 783.2 783.2 783.2 959.2 959.2 959.2 959.2 959.2
10 AlexMonckton 989 989 989 989 989 1165 1165 1165 1165 1165
11 AliceTilley 1079.8 1079.8 1079.8 1079.8 1079.8 1255.8 1255.8 1255.8 1255.8 1255.8
12 AlinaSmirnova 919.4 919.4 919.4 919.4 919.4 1095.4 1095.4 1095.4 1095.4 1095.4
13 AlisonCarswell 817.2 817.2 817.2 817.2 817.2 993.2 993.2 993.2 993.2 993.2
14 AlisonComer 819.2 819.2 819.2 819.2 819.2 995.2 995.2 995.2 995.2 995.2
15 AlistairCory-Wright 1128.4 1128.4 1128.4 1128.4 1128.4 1304.4 1304.4 1304.4 1304.4 1304.4
16 AlistairRichardson 1223 1223 1223 1223 1223 1399 1399 1399 1399 1399
17 AlistairStewart 958.8 958.8 958.8 958.8 958.8 1134.8 1134.8 1134.8 1134.8 1134.8
18 AlisterMetherell 1020.8 1020.8 1020.8 1020.8 1020.8 1196.8 1196.8 1196.8 1196.8 1196.8
19 AllanGrant 766.2 766.2 766.2 766.2 766.2 942.2 942.2 942.2 942.2 942.2
20 AmberRiddle 913.8 913.8 913.8 913.8 913.8 1089.8 1089.8 1089.8 1089.8 1089.8
21 AmeliaHorne 1032.2 1032.2 1032.2 1032.2 1032.2 1208.2 1208.2 1208.2 1208.2 1208.2
22 AmosPlumpton 1056.4 1056.4 1056.4 1056.4 1056.4 1232.4 1232.4 1232.4 1232.4 1232.4
23 AndreaKnowles NA NA NA NA NA NA NA NA NA NA
24 AndreiPopovici 1138.4 1138.4 1138.4 1138.4 1138.4 1314.4 1314.4 1314.4 1314.4 1314.4
25 AndrewBell 945 945 945 945 945 1121 1121 1121 1121 1121
26 AndrewdeL'isle 969.2 969.2 969.2 969.2 969.2 1145.2 1145.2 1145.2 1145.2 1145.2
27 AndrewJohnstone 1053.8 1053.8 1053.8 1053.8 1053.8 1229.8 1229.8 1229.8 1229.8 1229.8
28 AndrewPeat NA NA NA NA NA NA NA NA NA NA
29 AndrewRiddle 976.6 976.6 976.6 976.6 976.6 1152.6 1152.6 1152.6 1152.6 1152.6
30 AngusMacMillan 715.8 715.8 715.8 715.8 715.8 891.8 891.8 891.8 891.8 891.8
31 AnnaCory-Wright 927.4 927.4 927.4 927.4 927.4 1103.4 1103.4 1103.4 1103.4 1103.4
32 AnnaEngleback 741 741 741 741 741 917 917 917 917 917
33 AnnaParsons 949 949 949 949 949 1125 1125 1125 1125 1125
34 AnnaRobertson 866.4 866.4 866.4 866.4 866.4 1042.4 1042.4 1042.4 1042.4 1042.4
35 AnnBixley 787.6 787.6 787.6 787.6 787.6 963.6 963.6 963.6 963.6 963.6
36 AnneHumphrey 596.2 596.2 596.2 596.2 596.2 772.2 772.2 772.2 772.2 772.2
37 AnnetteOrchard 889.4 889.4 889.4 889.4 889.4 1065.4 1065.4 1065.4 1065.4 1065.4
38 AnnieGrant 652.6 652.6 652.6 652.6 652.6 828.6 828.6 828.6 828.6 828.6
39 AnnScott 560.8 560.8 560.8 560.8 560.8 736.8 736.8 736.8 736.8 736.8
40 AntoniaWood NA NA NA NA NA NA NA NA NA NA
41 AsgerSkytteKirkegaard NA NA NA NA NA NA NA NA NA NA
42 AyrtonShadbolt 999.2 999.2 999.2 999.2 999.2 1175.2 1175.2 1175.2 1175.2 1175.2
43 BarbaraBridger 354.2 354.2 354.2 354.2 354.2 530.2 530.2 530.2 530.2 530.2
44 BayleyStephens-Ellison 1068.6 1068.6 1068.6 1068.6 1068.6 1244.6 1244.6 1244.6 1244.6 1244.6
45 BeckyGray 1014.4 1014.4 1014.4 1014.4 1014.4 1190.4 1190.4 1190.4 1190.4 1190.4
46 BellaFraser 880.6 880.6 880.6 880.6 880.6 1056.6 1056.6 1056.6 1056.6 1056.6
47 BenLudgate NA NA NA NA NA NA NA NA NA NA
48 BeverleyHolder 718 718 718 718 718 894 894 894 894 894
49 BillAnderson 841.2 841.2 841.2 841.2 841.2 1017.2 1017.2 1017.2 1017.2 1017.2
50 BillEdwards 1127.6 1127.6 1127.6 1127.6 1127.6 1303.6 1303.6 1303.6 1303.6 1303.6
51 BorisDeBouck 1061.8 1061.8 1061.8 1061.8 1061.8 1237.8 1237.8 1237.8 1237.8 1237.8
52 BrendonClark NA NA NA NA NA NA NA NA NA NA
53 BrentEdwards 1209 1209 1209 1209 1209 1385 1385 1385 1385 1385
54 BrianaSteven 1027.6 1027.6 1027.6 1027.6 1027.6 1203.6 1203.6 1203.6 1203.6 1203.6
55 BronwynHolcombe 802.4 802.4 802.4 802.4 802.4 978.4 978.4 978.4 978.4 978.4
56 BruceHoride 857.8 857.8 857.8 857.8 857.8 1033.8 1033.8 1033.8 1033.8 1033.8
57 BruceMcCormick NA NA NA NA NA NA NA NA NA NA
58 BrucePeat 997.4 997.4 997.4 997.4 997.4 1173.4 1173.4 1173.4 1173.4 1173.4
59 BruceSteven 1058.4 1058.4 1058.4 1058.4 1058.4 1234.4 1234.4 1234.4 1234.4 1234.4
60 BrynDavies 1052.2 1052.2 1052.2 1052.2 1052.2 1228.2 1228.2 1228.2 1228.2 1228.2
61 BunnyRathbone 391 391 391 391 391 567 567 567 567 567
62 CallumCleary 1159.6 1159.6 1159.6 1159.6 1159.6 1335.6 1335.6 1335.6 1335.6 1335.6
63 CallumHill 1137.6 1137.6 1137.6 1137.6 1137.6 1313.6 1313.6 1313.6 1313.6 1313.6
64 CalumSutherland 1114.2 1114.2 1114.2 1114.2 1114.2 1290.2 1290.2 1290.2 1290.2 1290.2
65 CamerondeL'Isle 1206.4 1206.4 1206.4 1206.4 1206.4 1382.4 1382.4 1382.4 1382.4 1382.4
66 CameronLamont 913.8 913.8 913.8 913.8 913.8 1089.8 1089.8 1089.8 1089.8 1089.8
67 CameronTier 1230 1230 1230 1230 1230 1406 1406 1406 1406 1406
68 CampbellSyme 792 792 792 792 792 968 968 968 968 968
69 CareyNazzer 983.2 983.2 983.2 983.2 983.2 1159.2 1159.2 1159.2 1159.2 1159.2
70 CarlEmilSchøierKovsted NA NA NA NA NA NA NA NA NA NA
71 CarolRamsden 805.4 805.4 805.4 805.4 805.4 981.4 981.4 981.4 981.4 981.4
72 CarolyneNel 981.2 981.2 981.2 981.2 981.2 1157.2 1157.2 1157.2 1157.2 1157.2
73 CarstenJoergensen 1240.8 1240.8 1240.8 1240.8 1240.8 1416.8 1416.8 1416.8 1416.8 1416.8
74 CatherineMurphy 868 868 868 868 868 1044 1044 1044 1044 1044
75 CeridwenJones 712.8 712.8 712.8 712.8 712.8 888.8 888.8 888.8 888.8 888.8
76 CharlottedeL'Isle 805 805 805 805 805 981 981 981 981 981
77 ChrisBeckman 916.4 916.4 916.4 916.4 916.4 1092.4 1092.4 1092.4 1092.4 1092.4
78 ChrisForne 1254.4 1254.4 1254.4 1254.4 1254.4 1430.4 1430.4 1430.4 1430.4 1430.4
79 ChrisGelderman 789 789 789 789 789 965 965 965 965 965
80 ChrissieWilliams 560 560 560 560 560 736 736 736 736 736
81 ChristineBrowne 953 953 953 953 953 1129 1129 1129 1129 1129
82 ChristineRowe 881 881 881 881 881 1057 1057 1057 1057 1057
83 CioranKnowles 937.6 937.6 937.6 937.6 937.6 1113.6 1113.6 1113.6 1113.6 1113.6
84 ClaireHeppenstall 797.8 797.8 797.8 797.8 797.8 973.8 973.8 973.8 973.8 973.8
85 ClaudiaLayton 842.4 842.4 842.4 842.4 842.4 1018.4 1018.4 1018.4 1018.4 1018.4
86 ClemenceRolin 871.4 871.4 871.4 871.4 871.4 1047.4 1047.4 1047.4 1047.4 1047.4
87 CliveBolt 737.6 737.6 737.6 737.6 737.6 913.6 913.6 913.6 913.6 913.6
88 ConnorCleary 1139.4 1139.4 1139.4 1139.4 1139.4 1315.4 1315.4 1315.4 1315.4 1315.4
89 CraigPelvin 1049 1049 1049 1049 1049 1225 1225 1225 1225 1225
90 CrynRussell 811 811 811 811 811 987 987 987 987 987
91 DaleMcDonald 403.4 403.4 403.4 403.4 403.4 579.4 579.4 579.4 579.4 579.4
92 DanielleGoodall 1099.8 1099.8 1099.8 1099.8 1099.8 1275.8 1275.8 1275.8 1275.8 1275.8
93 DanielMonckton 1078 1078 1078 1078 1078 1254 1254 1254 1254 1254
94 DanSafka 1062.6 1062.6 1062.6 1062.6 1062.6 1238.6 1238.6 1238.6 1238.6 1238.6
95 DaveArmstrong 993 993 993 993 993 1169 1169 1169 1169 1169
96 DaveBrowning 936.4 936.4 936.4 936.4 936.4 1112.4 1112.4 1112.4 1112.4 1112.4
97 DaveCrofts 1014 1014 1014 1014 1014 1190 1190 1190 1190 1190
98 DaveLaurie 894.8 894.8 894.8 894.8 894.8 1070.8 1070.8 1070.8 1070.8 1070.8
99 DaveMiddleton 987.6 987.6 987.6 987.6 987.6 1163.6 1163.6 1163.6 1163.6 1163.6
100 DavidFisher 784.2 784.2 784.2 784.2 784.2 960.2 960.2 960.2 960.2 960.2
101 DavidMangnall 768.2 768.2 768.2 768.2 768.2 944.2 944.2 944.2 944.2 944.2
102 DavidMiddleton 771 771 771 771 771 947 947 947 947 947
103 DavidPugh-Williams 789.2 789.2 789.2 789.2 789.2 965.2 965.2 965.2 965.2 965.2
104 DavidRawnsley 1129.6 1129.6 1129.6 1129.6 1129.6 1305.6 1305.6 1305.6 1305.6 1305.6
105 DavidScott 833.2 833.2 833.2 833.2 833.2 1009.2 1009.2 1009.2 1009.2 1009.2
106 DavidSeward NA NA NA NA NA NA NA NA NA NA
107 DavidStewart 863.8 863.8 863.8 863.8 863.8 1039.8 1039.8 1039.8 1039.8 1039.8
108 DavidTurner 623.8 623.8 623.8 623.8 623.8 799.8 799.8 799.8 799.8 799.8
109 DavidWall 675 675 675 675 675 851 851 851 851 851
110 DennisWakefield 1046.6 1046.6 1046.6 1046.6 1046.6 1222.6 1222.6 1222.6 1222.6 1222.6
111 DerekMorrison 955.8 955.8 955.8 955.8 955.8 1131.8 1131.8 1131.8 1131.8 1131.8
112 DevonBeckman 1229.8 1229.8 1229.8 1229.8 1229.8 1405.8 1405.8 1405.8 1405.8 1405.8
113 DickDinsdale 927.2 927.2 927.2 927.2 927.2 1103.2 1103.2 1103.2 1103.2 1103.2
114 DiLiddell NA NA NA NA NA NA NA NA NA NA
115 DominicCleary 1061.6 1061.6 1061.6 1061.6 1061.6 1237.6 1237.6 1237.6 1237.6 1237.6
116 DonLocke 732.8 732.8 732.8 732.8 732.8 908.8 908.8 908.8 908.8 908.8
117 DonPaterson 979 979 979 979 979 1155 1155 1155 1155 1155
118 DorothyKane 735 735 735 735 735 911 911 911 911 911
119 DougalShepherd 1029.8 1029.8 1029.8 1029.8 1029.8 1205.8 1205.8 1205.8 1205.8 1205.8
120 DwayneSmith 991.4 991.4 991.4 991.4 991.4 1167.4 1167.4 1167.4 1167.4 1167.4
121 DylanKirk 1106.8 1106.8 1106.8 1106.8 1106.8 1282.8 1282.8 1282.8 1282.8 1282.8
122 EdCory-Wright 1221.8 1221.8 1221.8 1221.8 1221.8 1397.8 1397.8 1397.8 1397.8 1397.8
123 ElizabethParsons 812.8 812.8 812.8 812.8 812.8 988.8 988.8 988.8 988.8 988.8
124 EllennaCaudwell 947.6 947.6 947.6 947.6 947.6 1123.6 1123.6 1123.6 1123.6 1123.6
125 EllieMolloy 1006.2 1006.2 1006.2 1006.2 1006.2 1182.2 1182.2 1182.2 1182.2 1182.2
126 EmilØbro NA NA NA NA NA NA NA NA NA NA
127 EmilyForne 1004.8 1004.8 1004.8 1004.8 1004.8 1180.8 1180.8 1180.8 1180.8 1180.8
128 EmmaCarruthers 937.6 937.6 937.6 937.6 937.6 1113.6 1113.6 1113.6 1113.6 1113.6
129 ErinSwanson 719.4 719.4 719.4 719.4 719.4 895.4 895.4 895.4 895.4 895.4
130 EuanPike 926.4 926.4 926.4 926.4 926.4 1102.4 1102.4 1102.4 1102.4 1102.4
131 FayeMcDonald 759.2 759.2 759.2 759.2 759.2 935.2 935.2 935.2 935.2 935.2
132 FelixHarrison 1107.2 1107.2 1107.2 1107.2 1107.2 1283.2 1283.2 1283.2 1283.2 1283.2
133 FentonLoveday 808.6 808.6 808.6 808.6 808.6 984.6 984.6 984.6 984.6 984.6
134 FionaMiddleton 843 843 843 843 843 1019 1019 1019 1019 1019
135 FleurMurray 790 790 790 790 790 966 966 966 966 966
136 FlorianAttinger NA NA NA NA NA NA NA NA NA NA
137 FrancesWall 636.4 636.4 636.4 636.4 636.4 812.4 812.4 812.4 812.4 812.4
138 FraserGeddes 854.4 854.4 854.4 854.4 854.4 1030.4 1030.4 1030.4 1030.4 1030.4
139 FraserMills 1182 1182 1182 1182 1182 1358 1358 1358 1358 1358
140 GarryDean 743.8 743.8 743.8 743.8 743.8 919.8 919.8 919.8 919.8 919.8
141 GavinScott 816.6 816.6 816.6 816.6 816.6 992.6 992.6 992.6 992.6 992.6
142 GeneBeveridge 1264 1264 1264 1264 1264 1440 1440 1440 1440 1440
143 GenevieveWebb 869 869 869 869 869 1045 1045 1045 1045 1045
144 GeoffKernick 820.2 820.2 820.2 820.2 820.2 996.2 996.2 996.2 996.2 996.2
145 GeoffMead 918 918 918 918 918 1094 1094 1094 1094 1094
146 GeoffMorrison 933.4 933.4 933.4 933.4 933.4 1109.4 1109.4 1109.4 1109.4 1109.4
147 GeorgeEngleback 1060.4 1060.4 1060.4 1060.4 1060.4 1236.4 1236.4 1236.4 1236.4 1236.4
148 GeorgeRichardson 810.2 810.2 810.2 810.2 810.2 986.2 986.2 986.2 986.2 986.2
149 GeorgiaCreagh 939 939 939 939 939 1115 1115 1115 1115 1115
150 GeorgiaSkelton 958.8 958.8 958.8 958.8 958.8 1134.8 1134.8 1134.8 1134.8 1134.8
151 GeorgiaWhitla 1147.2 1147.2 1147.2 1147.2 1147.2 1323.2 1323.2 1323.2 1323.2 1323.2
152 GeorginaDibble 984.4 984.4 984.4 984.4 984.4 1160.4 1160.4 1160.4 1160.4 1160.4
153 GeraldCrawford 979.2 979.2 979.2 979.2 979.2 1155.2 1155.2 1155.2 1155.2 1155.2
154 GillianIngham 953.6 953.6 953.6 953.6 953.6 1129.6 1129.6 1129.6 1129.6 1129.6
155 GlenMiddleton 509.4 509.4 509.4 509.4 509.4 685.4 685.4 685.4 685.4 685.4
156 GlenStone 654.2 654.2 654.2 654.2 654.2 830.2 830.2 830.2 830.2 830.2
157 GordonHolmes 723.4 723.4 723.4 723.4 723.4 899.4 899.4 899.4 899.4 899.4
158 GordonThrower 912.6 912.6 912.6 912.6 912.6 1088.6 1088.6 1088.6 1088.6 1088.6
159 GraemeRead 845.6 845.6 845.6 845.6 845.6 1021.6 1021.6 1021.6 1021.6 1021.6
160 GrahamTeahan 942 942 942 942 942 1118 1118 1118 1118 1118
161 GregBristow 812.6 812.6 812.6 812.6 812.6 988.6 988.6 988.6 988.6 988.6
162 GregEdmonds 924.6 924.6 924.6 924.6 924.6 1100.6 1100.6 1100.6 1100.6 1100.6
163 GregThurlow 1043.2 1043.2 1043.2 1043.2 1043.2 1219.2 1219.2 1219.2 1219.2 1219.2
164 GreigHamilton 1158 1158 1158 1158 1158 1334 1334 1334 1334 1334
165 GretaKnarston 1097.8 1097.8 1097.8 1097.8 1097.8 1273.8 1273.8 1273.8 1273.8 1273.8
166 GuyCory-Wright 1055.2 1055.2 1055.2 1055.2 1055.2 1231.2 1231.2 1231.2 1231.2 1231.2
167 GuyFrederick NA NA NA NA NA NA NA NA NA NA
168 HamishGoodwin 1002.2 1002.2 1002.2 1002.2 1002.2 1178.2 1178.2 1178.2 1178.2 1178.2
169 HarrietHolt 962.2 962.2 962.2 962.2 962.2 1138.2 1138.2 1138.2 1138.2 1138.2
170 HayleySmith 947.2 947.2 947.2 947.2 947.2 1123.2 1123.2 1123.2 1123.2 1123.2
171 HeatherPugh-Williams 631.8 631.8 631.8 631.8 631.8 807.8 807.8 807.8 807.8 807.8
172 HeidiStolberger 1015.4 1015.4 1015.4 1015.4 1015.4 1191.4 1191.4 1191.4 1191.4 1191.4
173 HeinoOllin NA NA NA NA NA NA NA NA NA NA
174 HelenBolt 564.6 564.6 564.6 564.6 564.6 740.6 740.6 740.6 740.6 740.6
175 HelenDuston NA NA NA NA NA NA NA NA NA NA
176 HelenEdmonds 808.2 808.2 808.2 808.2 808.2 984.2 984.2 984.2 984.2 984.2
177 HelenWood 686.2 686.2 686.2 686.2 686.2 862.2 862.2 862.2 862.2 862.2
178 HughForlong-Ford 974.6 974.6 974.6 974.6 974.6 1150.6 1150.6 1150.6 1150.6 1150.6
179 IanBuunk 950 950 950 950 950 1126 1126 1126 1126 1126
180 IanSimpson 980.8 980.8 980.8 980.8 980.8 1156.8 1156.8 1156.8 1156.8 1156.8
181 IeuanEdmonds 1137.6 1137.6 1137.6 1137.6 1137.6 1313.6 1313.6 1313.6 1313.6 1313.6
182 ImogeneScott 1123.4 1123.4 1123.4 1123.4 1123.4 1299.4 1299.4 1299.4 1299.4 1299.4
183 IonaPowell 912.2 912.2 912.2 912.2 912.2 1088.2 1088.2 1088.2 1088.2 1088.2
184 IonelPopovici 991.8 991.8 991.8 991.8 991.8 1167.8 1167.8 1167.8 1167.8 1167.8
185 IrynaSmirnova 628.6 628.6 628.6 628.6 628.6 804.6 804.6 804.6 804.6 804.6
186 IsaacEgan 1088 1088 1088 1088 1088 1264 1264 1264 1264 1264
187 JackieBlay NA NA NA NA NA NA NA NA NA NA
188 JacquiSinclair 845.8 845.8 845.8 845.8 845.8 1021.8 1021.8 1021.8 1021.8 1021.8
189 JamesCrosby 1080 1080 1080 1080 1080 1256 1256 1256 1256 1256
190 JamesMcCormack 959.6 959.6 959.6 959.6 959.6 1135.6 1135.6 1135.6 1135.6 1135.6
191 JamesWatson 1049.2 1049.2 1049.2 1049.2 1049.2 1225.2 1225.2 1225.2 1225.2 1225.2
192 JamieStewart 1183.8 1183.8 1183.8 1183.8 1183.8 1359.8 1359.8 1359.8 1359.8 1359.8
193 JaneCloete 625.4 625.4 625.4 625.4 625.4 801.4 801.4 801.4 801.4 801.4
194 JaneHarding 787.6 787.6 787.6 787.6 787.6 963.6 963.6 963.6 963.6 963.6
195 JaneLambert 846.8 846.8 846.8 846.8 846.8 1022.8 1022.8 1022.8 1022.8 1022.8
196 JanHarrison 977.8 977.8 977.8 977.8 977.8 1153.8 1153.8 1153.8 1153.8 1153.8
197 JaniceLittle 664.4 664.4 664.4 664.4 664.4 840.4 840.4 840.4 840.4 840.4
198 JayPaterson 918 918 918 918 918 1094 1094 1094 1094 1094
199 JeanCory-Wright 987.8 987.8 987.8 987.8 987.8 1163.8 1163.8 1163.8 1163.8 1163.8
200 JeffGreenwood 1057.2 1057.2 1057.2 1057.2 1057.2 1233.2 1233.2 1233.2 1233.2 1233.2
201 JeffWedgwood 813.2 813.2 813.2 813.2 813.2 989.2 989.2 989.2 989.2 989.2
202 JeniPelvin 901 901 901 901 901 1077 1077 1077 1077 1077
203 JennaTidswell 1034 1034 1034 1034 1034 1210 1210 1210 1210 1210
204 JenniAdams 1078.6 1078.6 1078.6 1078.6 1078.6 1254.6 1254.6 1254.6 1254.6 1254.6
205 JennyCade 671.6 671.6 671.6 671.6 671.6 847.6 847.6 847.6 847.6 847.6
206 JennyCalder 651.2 651.2 651.2 651.2 651.2 827.2 827.2 827.2 827.2 827.2
207 JennyTeahan 508.2 508.2 508.2 508.2 508.2 684.2 684.2 684.2 684.2 684.2
208 JessicaSewell 975.6 975.6 975.6 975.6 975.6 1151.6 1151.6 1151.6 1151.6 1151.6
209 JillDalton 774.6 774.6 774.6 774.6 774.6 950.6 950.6 950.6 950.6 950.6
210 JimCotter NA NA NA NA NA NA NA NA NA NA
211 JoannaStewart 688.6 688.6 688.6 688.6 688.6 864.6 864.6 864.6 864.6 864.6
212 JocelynThrower 797.2 797.2 797.2 797.2 797.2 973.2 973.2 973.2 973.2 973.2
213 JodieFa'avae 869.6 869.6 869.6 869.6 869.6 1045.6 1045.6 1045.6 1045.6 1045.6
214 JoeSherriff 946 946 946 946 946 1122 1122 1122 1122 1122
215 JohnCalder 751.8 751.8 751.8 751.8 751.8 927.8 927.8 927.8 927.8 927.8
216 JohnHoward 980.4 980.4 980.4 980.4 980.4 1156.4 1156.4 1156.4 1156.4 1156.4
217 JohnParsons 850.6 850.6 850.6 850.6 850.6 1026.6 1026.6 1026.6 1026.6 1026.6
218 JohnRobertson 1046.4 1046.4 1046.4 1046.4 1046.4 1222.4 1222.4 1222.4 1222.4 1222.4
219 JohnRobinson 910.4 910.4 910.4 910.4 910.4 1086.4 1086.4 1086.4 1086.4 1086.4
220 JonathanWood NA NA NA NA NA NA NA NA NA NA
221 JonathanWood(AK) 828.6 828.6 828.6 828.6 828.6 1004.6 1004.6 1004.6 1004.6 1004.6
222 JonathanWood(DN) 900.4 900.4 900.4 900.4 900.4 1076.4 1076.4 1076.4 1076.4 1076.4
223 JontyAnderson 941.6 941.6 941.6 941.6 941.6 1117.6 1117.6 1117.6 1117.6 1117.6
224 JontyDePledge 969.4 969.4 969.4 969.4 969.4 1145.4 1145.4 1145.4 1145.4 1145.4
225 JontyOram 1191 1191 1191 1191 1191 1367 1367 1367 1367 1367
226 JosephineReeves 847 847 847 847 847 1023 1023 1023 1023 1023
227 JosephLynch 1081.4 1081.4 1081.4 1081.4 1081.4 1257.4 1257.4 1257.4 1257.4 1257.4
228 JoshCampbell NA NA NA NA NA NA NA NA NA NA
229 JosieBoland 778 778 778 778 778 954 954 954 954 954
230 JudyBrowning 633.6 633.6 633.6 633.6 633.6 809.6 809.6 809.6 809.6 809.6
231 JulaMcmillan NA NA NA NA NA NA NA NA NA NA
232 JulaMcMillan 1083 1083 1083 1083 1083 1259 1259 1259 1259 1259
233 JuliaFraser 607.6 607.6 607.6 607.6 607.6 783.6 783.6 783.6 783.6 783.6
234 JulianHayes 967 967 967 967 967 1143 1143 1143 1143 1143
235 JustinZani NA NA NA NA NA NA NA NA NA NA
236 KaitlynPennell 860.6 860.6 860.6 860.6 860.6 1036.6 1036.6 1036.6 1036.6 1036.6
237 KarenBeckman 854.6 854.6 854.6 854.6 854.6 1030.6 1030.6 1030.6 1030.6 1030.6
238 KarenWoods 614.4 614.4 614.4 614.4 614.4 790.4 790.4 790.4 790.4 790.4
239 KarlDravitzki 1220.4 1220.4 1220.4 1220.4 1220.4 1396.4 1396.4 1396.4 1396.4 1396.4
240 KasperWestman NA NA NA NA NA NA NA NA NA NA
241 KateCotter NA NA NA NA NA NA NA NA NA NA
242 KatePedley 936.2 936.2 936.2 936.2 936.2 1112.2 1112.2 1112.2 1112.2 1112.2
243 KateSalmon 998.8 998.8 998.8 998.8 998.8 1174.8 1174.8 1174.8 1174.8 1174.8
244 KateSmirnova 968.4 968.4 968.4 968.4 968.4 1144.4 1144.4 1144.4 1144.4 1144.4
245 KatharineWebb 594.2 594.2 594.2 594.2 594.2 770.2 770.2 770.2 770.2 770.2
246 KathrinMueller 829.2 829.2 829.2 829.2 829.2 1005.2 1005.2 1005.2 1005.2 1005.2
247 KatieCory-Wright 1063.8 1063.8 1063.8 1063.8 1063.8 1239.8 1239.8 1239.8 1239.8 1239.8
248 KatieHill 955.8 955.8 955.8 955.8 955.8 1131.8 1131.8 1131.8 1131.8 1131.8
249 KatieLowry 857.8 857.8 857.8 857.8 857.8 1033.8 1033.8 1033.8 1033.8 1033.8
250 KayeGriffiths 708.4 708.4 708.4 708.4 708.4 884.4 884.4 884.4 884.4 884.4
251 KayKnightbridge 851.6 851.6 851.6 851.6 851.6 1027.6 1027.6 1027.6 1027.6 1027.6
252 KaylaFairbairn 1073.4 1073.4 1073.4 1073.4 1073.4 1249.4 1249.4 1249.4 1249.4 1249.4
253 KaySeeward NA NA NA NA NA NA NA NA NA NA
254 KeithUnsworth 672.6 672.6 672.6 672.6 672.6 848.6 848.6 848.6 848.6 848.6
255 KenFraser 682.4 682.4 682.4 682.4 682.4 858.4 858.4 858.4 858.4 858.4
256 KevinHarvey 891 891 891 891 891 1067 1067 1067 1067 1067
257 KevKnowles NA NA NA NA NA NA NA NA NA NA
258 KieranMetherell NA NA NA NA NA NA NA NA NA NA
259 KieranWoods 1063.8 1063.8 1063.8 1063.8 1063.8 1239.8 1239.8 1239.8 1239.8 1239.8
260 KimCreagh 827.6 827.6 827.6 827.6 827.6 1003.6 1003.6 1003.6 1003.6 1003.6
261 KingsleyNg-WaiShing 880.2 880.2 880.2 880.2 880.2 1056.2 1056.2 1056.2 1056.2 1056.2
262 KingstonWebb 957.8 957.8 957.8 957.8 957.8 1133.8 1133.8 1133.8 1133.8 1133.8
263 KirstyClayton NA NA NA NA NA NA NA NA NA NA
264 KrisMuszynski NA NA NA NA NA NA NA NA NA NA
265 KristinHarrison 860.6 860.6 860.6 860.6 860.6 1036.6 1036.6 1036.6 1036.6 1036.6
266 KurtisShuker 1107 1107 1107 1107 1107 1283 1283 1283 1283 1283
267 LaraMolloy 1034.2 1034.2 1034.2 1034.2 1034.2 1210.2 1210.2 1210.2 1210.2 1210.2
268 LaraScott 1105 1105 1105 1105 1105 1281 1281 1281 1281 1281
269 LauraRobertson NA NA NA NA NA NA NA NA NA NA
270 LaurenHolmes 877.6 877.6 877.6 877.6 877.6 1053.6 1053.6 1053.6 1053.6 1053.6
271 LenRodenburg 801.8 801.8 801.8 801.8 801.8 977.8 977.8 977.8 977.8 977.8
272 LeoMcCormack 906.2 906.2 906.2 906.2 906.2 1082.2 1082.2 1082.2 1082.2 1082.2
273 LesPaver 569.6 569.6 569.6 569.6 569.6 745.6 745.6 745.6 745.6 745.6
274 LiamStolberger 1039.2 1039.2 1039.2 1039.2 1039.2 1215.2 1215.2 1215.2 1215.2 1215.2
275 LiamThompson 1031.8 1031.8 1031.8 1031.8 1031.8 1207.8 1207.8 1207.8 1207.8 1207.8
276 LiamWatkinsStarrs 947.8 947.8 947.8 947.8 947.8 1123.8 1123.8 1123.8 1123.8 1123.8
277 LibbyMcleay 713.8 713.8 713.8 713.8 713.8 889.8 889.8 889.8 889.8 889.8
278 LindaSmith 799 799 799 799 799 975 975 975 975 975
279 LinleyEarnshaw 915.6 915.6 915.6 915.6 915.6 1091.6 1091.6 1091.6 1091.6 1091.6
280 LisaMead 953 953 953 953 953 1129 1129 1129 1129 1129
281 LiseTurner 955.2 955.2 955.2 955.2 955.2 1131.2 1131.2 1131.2 1131.2 1131.2
282 LizNicholson 842.6 842.6 842.6 842.6 842.6 1018.6 1018.6 1018.6 1018.6 1018.6
283 LizzieIngham NA NA NA NA NA NA NA NA NA NA
284 LoganStevenson 1033.2 1033.2 1033.2 1033.2 1033.2 1209.2 1209.2 1209.2 1209.2 1209.2
285 LorriO'Brien 742.2 742.2 742.2 742.2 742.2 918.2 918.2 918.2 918.2 918.2
286 LucyPrickett 675.6 675.6 675.6 675.6 675.6 851.6 851.6 851.6 851.6 851.6
287 LynnMcBain 486.2 486.2 486.2 486.2 486.2 662.2 662.2 662.2 662.2 662.2
288 LynStanton 940 940 940 940 940 1116 1116 1116 1116 1116
289 MaddieLongson 950.8 950.8 950.8 950.8 950.8 1126.8 1126.8 1126.8 1126.8 1126.8
290 MalcolmIngham 966.6 966.6 966.6 966.6 966.6 1142.6 1142.6 1142.6 1142.6 1142.6
291 MarinaComeskey 993.2 993.2 993.2 993.2 993.2 1169.2 1169.2 1169.2 1169.2 1169.2
292 MarisolHunter 1019.2 1019.2 1019.2 1019.2 1019.2 1195.2 1195.2 1195.2 1195.2 1195.2
293 MarkFrater 904.8 904.8 904.8 904.8 904.8 1080.8 1080.8 1080.8 1080.8 1080.8
294 MarkLawson 1096 1096 1096 1096 1096 1272 1272 1272 1272 1272
295 MarkPlumpton 928.8 928.8 928.8 928.8 928.8 1104.8 1104.8 1104.8 1104.8 1104.8
296 MarkTodd 853.2 853.2 853.2 853.2 853.2 1029.2 1029.2 1029.2 1029.2 1029.2
297 MarquitaGelderman 1041.4 1041.4 1041.4 1041.4 1041.4 1217.4 1217.4 1217.4 1217.4 1217.4
298 MartinCrosby 998 998 998 998 998 1174 1174 1174 1174 1174
299 MartinFreeman 895.6 895.6 895.6 895.6 895.6 1071.6 1071.6 1071.6 1071.6 1071.6
300 MaryMoen 797 797 797 797 797 973 973 973 973 973
301 MaryRussell 974.8 974.8 974.8 974.8 974.8 1150.8 1150.8 1150.8 1150.8 1150.8
302 MaryWadsworth 840.8 840.8 840.8 840.8 840.8 1016.8 1016.8 1016.8 1016.8 1016.8
303 MattBixley 1087.2 1087.2 1087.2 1087.2 1087.2 1263.2 1263.2 1263.2 1263.2 1263.2
304 MattGoodall 1216.8 1216.8 1216.8 1216.8 1216.8 1392.8 1392.8 1392.8 1392.8 1392.8
305 MatthewTier 989 989 989 989 989 1165 1165 1165 1165 1165
306 MattOgden 1263.4 1263.4 1263.4 1263.4 1263.4 1439.4 1439.4 1439.4 1439.4 1439.4
307 MattScott 1222.4 1222.4 1222.4 1222.4 1222.4 1398.4 1398.4 1398.4 1398.4 1398.4
308 MaureenKernick 831.6 831.6 831.6 831.6 831.6 1007.6 1007.6 1007.6 1007.6 1007.6
309 MaxGriffiths 1175.8 1175.8 1175.8 1175.8 1175.8 1351.8 1351.8 1351.8 1351.8 1351.8
310 MaxMcMurray 826.8 826.8 826.8 826.8 826.8 1002.8 1002.8 1002.8 1002.8 1002.8
311 MeganBruce 914.4 914.4 914.4 914.4 914.4 1090.4 1090.4 1090.4 1090.4 1090.4
312 MeganCarter 896.4 896.4 896.4 896.4 896.4 1072.4 1072.4 1072.4 1072.4 1072.4
313 MeganHall NA NA NA NA NA NA NA NA NA NA
314 MeghanDrew 981.4 981.4 981.4 981.4 981.4 1157.4 1157.4 1157.4 1157.4 1157.4
315 MichaelAdams NA NA NA NA NA NA NA NA NA NA
316 MichaelCroxford 965.6 965.6 965.6 965.6 965.6 1141.6 1141.6 1141.6 1141.6 1141.6
317 MichaelKnightbridge 919.2 919.2 919.2 919.2 919.2 1095.2 1095.2 1095.2 1095.2 1095.2
318 MichaelSchrott 941.2 941.2 941.2 941.2 941.2 1117.2 1117.2 1117.2 1117.2 1117.2
319 MichaelWood 959.6 959.6 959.6 959.6 959.6 1135.6 1135.6 1135.6 1135.6 1135.6
320 MichaelYoung 727.8 727.8 727.8 727.8 727.8 903.8 903.8 903.8 903.8 903.8
321 MikeHarding 1033.6 1033.6 1033.6 1033.6 1033.6 1209.6 1209.6 1209.6 1209.6 1209.6
322 MikeRoigard 741.6 741.6 741.6 741.6 741.6 917.6 917.6 917.6 917.6 917.6
323 MoniqueDean 653.4 653.4 653.4 653.4 653.4 829.4 829.4 829.4 829.4 829.4
324 MoniqueWay 919.6 919.6 919.6 919.6 919.6 1095.6 1095.6 1095.6 1095.6 1095.6
325 MurrayFranks 812.2 812.2 812.2 812.2 812.2 988.2 988.2 988.2 988.2 988.2
326 MylesThayer 832.6 832.6 832.6 832.6 832.6 1008.6 1008.6 1008.6 1008.6 1008.6
327 NathanFa'avae 1106.8 1106.8 1106.8 1106.8 1106.8 1282.8 1282.8 1282.8 1282.8 1282.8
328 NathanMiller 973.4 973.4 973.4 973.4 973.4 1149.4 1149.4 1149.4 1149.4 1149.4
329 NeilEgan 859.8 859.8 859.8 859.8 859.8 1035.8 1035.8 1035.8 1035.8 1035.8
330 NeilKane 942.8 942.8 942.8 942.8 942.8 1118.8 1118.8 1118.8 1118.8 1118.8
331 NeilMurray 1064.6 1064.6 1064.6 1064.6 1064.6 1240.6 1240.6 1240.6 1240.6 1240.6
332 NeilSinclair 608 608 608 608 608 784 784 784 784 784
333 NicholasMoore 950.4 950.4 950.4 950.4 950.4 1126.4 1126.4 1126.4 1126.4 1126.4
334 NickHann 1271.2 1271.2 1271.2 1271.2 1271.2 1447.2 1447.2 1447.2 1447.2 1447.2
335 NickHarris 1084.4 1084.4 1084.4 1084.4 1084.4 1260.4 1260.4 1260.4 1260.4 1260.4
336 NickMonckton 981.4 981.4 981.4 981.4 981.4 1157.4 1157.4 1157.4 1157.4 1157.4
337 NickSmith 1205 1205 1205 1205 1205 1381 1381 1381 1381 1381
338 NicolaKinzett 589.4 589.4 589.4 589.4 589.4 765.4 765.4 765.4 765.4 765.4
339 NormJager 813.8 813.8 813.8 813.8 813.8 989.8 989.8 989.8 989.8 989.8
340 OceanMercier 917.8 917.8 917.8 917.8 917.8 1093.8 1093.8 1093.8 1093.8 1093.8
341 OliverBurns 840.4 840.4 840.4 840.4 840.4 1016.4 1016.4 1016.4 1016.4 1016.4
342 OliverEgan 1140 1140 1140 1140 1140 1316 1316 1316 1316 1316
343 OliviaBeckman 759.2 759.2 759.2 759.2 759.2 935.2 935.2 935.2 935.2 935.2
344 OliviaCollins 915.8 915.8 915.8 915.8 915.8 1091.8 1091.8 1091.8 1091.8 1091.8
345 OllieBixley NA NA NA NA NA NA NA NA NA NA
346 OwenCambridge NA NA NA NA NA NA NA NA NA NA
347 OwenEvans 912.2 912.2 912.2 912.2 912.2 1088.2 1088.2 1088.2 1088.2 1088.2
348 OwenMeans 918.8 918.8 918.8 918.8 918.8 1094.8 1094.8 1094.8 1094.8 1094.8
349 PamelaMorrison 727.4 727.4 727.4 727.4 727.4 903.4 903.4 903.4 903.4 903.4
350 PamRodenburg 633.2 633.2 633.2 633.2 633.2 809.2 809.2 809.2 809.2 809.2
351 PatBodger 1004.8 1004.8 1004.8 1004.8 1004.8 1180.8 1180.8 1180.8 1180.8 1180.8
352 PatriciaAspin 879.6 879.6 879.6 879.6 879.6 1055.6 1055.6 1055.6 1055.6 1055.6
353 PatrickHayes 987.2 987.2 987.2 987.2 987.2 1163.2 1163.2 1163.2 1163.2 1163.2
354 PatVanBerkel 937.6 937.6 937.6 937.6 937.6 1113.6 1113.6 1113.6 1113.6 1113.6
355 PaulaMcDiarmid 490.2 490.2 490.2 490.2 490.2 666.2 666.2 666.2 666.2 666.2
356 PaulIreland 1003.6 1003.6 1003.6 1003.6 1003.6 1179.6 1179.6 1179.6 1179.6 1179.6
357 PaulTeesdale-Spittle 947.8 947.8 947.8 947.8 947.8 1123.8 1123.8 1123.8 1123.8 1123.8
358 PennyKane 1120.6 1120.6 1120.6 1120.6 1120.6 1296.6 1296.6 1296.6 1296.6 1296.6
359 PeteDouglas 513.4 513.4 513.4 513.4 513.4 689.4 689.4 689.4 689.4 689.4
360 PeterCleary 1045.2 1045.2 1045.2 1045.2 1045.2 1221.2 1221.2 1221.2 1221.2 1221.2
361 PeterKing 905 905 905 905 905 1081 1081 1081 1081 1081
362 PeterRamsden 823.8 823.8 823.8 823.8 823.8 999.8 999.8 999.8 999.8 999.8
363 PeterSwanson 1055 1055 1055 1055 1055 1231 1231 1231 1231 1231
364 PeterWare 635.8 635.8 635.8 635.8 635.8 811.8 811.8 811.8 811.8 811.8
365 PeterWatson 497.2 497.2 497.2 497.2 497.2 673.2 673.2 673.2 673.2 673.2
366 PeterWood 951.2 951.2 951.2 951.2 951.2 1127.2 1127.2 1127.2 1127.2 1127.2
367 PetraSafkova 768.8 768.8 768.8 768.8 768.8 944.8 944.8 944.8 944.8 944.8
368 PhilipBaker 541.6 541.6 541.6 541.6 541.6 717.6 717.6 717.6 717.6 717.6
369 PhillipHerries 970.2 970.2 970.2 970.2 970.2 1146.2 1146.2 1146.2 1146.2 1146.2
370 PhillipJohansen 755.2 755.2 755.2 755.2 755.2 931.2 931.2 931.2 931.2 931.2
371 PhillippaPoole 929.6 929.6 929.6 929.6 929.6 1105.6 1105.6 1105.6 1105.6 1105.6
372 PollyCavanagh 953.4 953.4 953.4 953.4 953.4 1129.4 1129.4 1129.4 1129.4 1129.4
373 RachelMiddleton 665.2 665.2 665.2 665.2 665.2 841.2 841.2 841.2 841.2 841.2
374 RaePowell 565.4 565.4 565.4 565.4 565.4 741.4 741.4 741.4 741.4 741.4
375 RaewynSimpson 844.4 844.4 844.4 844.4 844.4 1020.4 1020.4 1020.4 1020.4 1020.4
376 RebeccaGreenwood 892.4 892.4 892.4 892.4 892.4 1068.4 1068.4 1068.4 1068.4 1068.4
377 ReneeBeveridge 1108.8 1108.8 1108.8 1108.8 1108.8 1284.8 1284.8 1284.8 1284.8 1284.8
378 RichardDunn 827 827 827 827 827 1003 1003 1003 1003 1003
379 RichardEnglish 818.8 818.8 818.8 818.8 818.8 994.8 994.8 994.8 994.8 994.8
380 RichardGreatrex 953.2 953.2 953.2 953.2 953.2 1129.2 1129.2 1129.2 1129.2 1129.2
381 RichardMercer 975 975 975 975 975 1151 1151 1151 1151 1151
382 RichardSmith 881.6 881.6 881.6 881.6 881.6 1057.6 1057.6 1057.6 1057.6 1057.6
383 RickardNorlin NA NA NA NA NA NA NA NA NA NA
384 RikiCambridge 1098.8 1098.8 1098.8 1098.8 1098.8 1274.8 1274.8 1274.8 1274.8 1274.8
385 RobbieShepherd 807.2 807.2 807.2 807.2 807.2 983.2 983.2 983.2 983.2 983.2
386 RobCollier 991.8 991.8 991.8 991.8 991.8 1167.8 1167.8 1167.8 1167.8 1167.8
387 RobertMcCormick NA NA NA NA NA NA NA NA NA NA
388 RobertMurphy 1008.4 1008.4 1008.4 1008.4 1008.4 1184.4 1184.4 1184.4 1184.4 1184.4
389 RobGarden 1018.8 1018.8 1018.8 1018.8 1018.8 1194.8 1194.8 1194.8 1194.8 1194.8
390 RobMolloy 980.2 980.2 980.2 980.2 980.2 1156.2 1156.2 1156.2 1156.2 1156.2
391 RobVanstam 747.8 747.8 747.8 747.8 747.8 923.8 923.8 923.8 923.8 923.8
392 RonanLee 1003 1003 1003 1003 1003 1179 1179 1179 1179 1179
393 RossStone 611.8 611.8 611.8 611.8 611.8 787.8 787.8 787.8 787.8 787.8
394 RowanSinclair 885.4 885.4 885.4 885.4 885.4 1061.4 1061.4 1061.4 1061.4 1061.4
395 RoyceMills 777.6 777.6 777.6 777.6 777.6 953.6 953.6 953.6 953.6 953.6
396 RudyHlawatsch 936.6 936.6 936.6 936.6 936.6 1112.6 1112.6 1112.6 1112.6 1112.6
397 RussellSyme 753 753 753 753 753 929 929 929 929 929
398 RyanMoore 918.2 918.2 918.2 918.2 918.2 1094.2 1094.2 1094.2 1094.2 1094.2
399 RyanWilliams 1116.8 1116.8 1116.8 1116.8 1116.8 1292.8 1292.8 1292.8 1292.8 1292.8
400 SallyDuston 612.2 612.2 612.2 612.2 612.2 788.2 788.2 788.2 788.2 788.2
401 SallyLattimore 967.6 967.6 967.6 967.6 967.6 1143.6 1143.6 1143.6 1143.6 1143.6
402 SamMiddleton 1017.2 1017.2 1017.2 1017.2 1017.2 1193.2 1193.2 1193.2 1193.2 1193.2
403 SamNicholas 923.6 923.6 923.6 923.6 923.6 1099.6 1099.6 1099.6 1099.6 1099.6
404 SarahNota 763.8 763.8 763.8 763.8 763.8 939.8 939.8 939.8 939.8 939.8
405 SarahO'Sullivan 1108.2 1108.2 1108.2 1108.2 1108.2 1284.2 1284.2 1284.2 1284.2 1284.2
406 SarahSteel 518.2 518.2 518.2 518.2 518.2 694.2 694.2 694.2 694.2 694.2
407 SarahWright 1027.6 1027.6 1027.6 1027.6 1027.6 1203.6 1203.6 1203.6 1203.6 1203.6
408 SaraPrince NA NA NA NA NA NA NA NA NA NA
409 SassafrazMarshall-Johnson 901 901 901 901 901 1077 1077 1077 1077 1077
410 ScottCarswell 973 973 973 973 973 1149 1149 1149 1149 1149
411 ScottSmith 1194.2 1194.2 1194.2 1194.2 1194.2 1370.2 1370.2 1370.2 1370.2 1370.2
412 ScottVennell 1002.4 1002.4 1002.4 1002.4 1002.4 1178.4 1178.4 1178.4 1178.4 1178.4
413 SeanBardsley 979.6 979.6 979.6 979.6 979.6 1155.6 1155.6 1155.6 1155.6 1155.6
414 SebastianAyson-Macfarlane 1023.2 1023.2 1023.2 1023.2 1023.2 1199.2 1199.2 1199.2 1199.2 1199.2
415 SebastianSafka 1062.8 1062.8 1062.8 1062.8 1062.8 1238.8 1238.8 1238.8 1238.8 1238.8
416 SebDaellenbach 927 927 927 927 927 1103 1103 1103 1103 1103
417 SelenaMetherell 1030.4 1030.4 1030.4 1030.4 1030.4 1206.4 1206.4 1206.4 1206.4 1206.4
418 ShamusMorrison 1190.2 1190.2 1190.2 1190.2 1190.2 1366.2 1366.2 1366.2 1366.2 1366.2
419 ShaneHarrison 994 994 994 994 994 1170 1170 1170 1170 1170
420 ShaneWilson 942.6 942.6 942.6 942.6 942.6 1118.6 1118.6 1118.6 1118.6 1118.6
421 SheenaO'Brien 912.2 912.2 912.2 912.2 912.2 1088.2 1088.2 1088.2 1088.2 1088.2
422 SimonCullen NA NA NA NA NA NA NA NA NA NA
423 SimonRea 898.8 898.8 898.8 898.8 898.8 1074.8 1074.8 1074.8 1074.8 1074.8
424 SimonTeesdale 1012.8 1012.8 1012.8 1012.8 1012.8 1188.8 1188.8 1188.8 1188.8 1188.8
425 SofieSafkova 981.4 981.4 981.4 981.4 981.4 1157.4 1157.4 1157.4 1157.4 1157.4
426 SoniaHollands 1073.2 1073.2 1073.2 1073.2 1073.2 1249.2 1249.2 1249.2 1249.2 1249.2
427 SophieHarrison 1002.4 1002.4 1002.4 1002.4 1002.4 1178.4 1178.4 1178.4 1178.4 1178.4
428 StanFoster 928.8 928.8 928.8 928.8 928.8 1104.8 1104.8 1104.8 1104.8 1104.8
429 StephanieFarrant 880.2 880.2 880.2 880.2 880.2 1056.2 1056.2 1056.2 1056.2 1056.2
430 StephenBradley 993.6 993.6 993.6 993.6 993.6 1169.6 1169.6 1169.6 1169.6 1169.6
431 StephenHarding 1169.6 1169.6 1169.6 1169.6 1169.6 1345.6 1345.6 1345.6 1345.6 1345.6
432 SteveArmon 794.4 794.4 794.4 794.4 794.4 970.4 970.4 970.4 970.4 970.4
433 SteveOram 982.6 982.6 982.6 982.6 982.6 1158.6 1158.6 1158.6 1158.6 1158.6
434 StevePyatt 927.8 927.8 927.8 927.8 927.8 1103.8 1103.8 1103.8 1103.8 1103.8
435 StuartEngleback 1072.8 1072.8 1072.8 1072.8 1072.8 1248.8 1248.8 1248.8 1248.8 1248.8
436 SueCooke 725.8 725.8 725.8 725.8 725.8 901.8 901.8 901.8 901.8 901.8
437 SueStone 712.4 712.4 712.4 712.4 712.4 888.4 888.4 888.4 888.4 888.4
438 SueUnsworth 625.2 625.2 625.2 625.2 625.2 801.2 801.2 801.2 801.2 801.2
439 SusanEatson 898 898 898 898 898 1074 1074 1074 1074 1074
440 SusanEdwards 951.2 951.2 951.2 951.2 951.2 1127.2 1127.2 1127.2 1127.2 1127.2
441 SuzanneStolberger 946.8 946.8 946.8 946.8 946.8 1122.8 1122.8 1122.8 1122.8 1122.8
442 SylvieFrater 872.2 872.2 872.2 872.2 872.2 1048.2 1048.2 1048.2 1048.2 1048.2
443 TaneCambridge 1222.2 1222.2 1222.2 1222.2 1222.2 1398.2 1398.2 1398.2 1398.2 1398.2
444 TeganKnightbridge 1012.2 1012.2 1012.2 1012.2 1012.2 1188.2 1188.2 1188.2 1188.2 1188.2
445 TerjeMoen 719.2 719.2 719.2 719.2 719.2 895.2 895.2 895.2 895.2 895.2
446 TessaBoyd 925.4 925.4 925.4 925.4 925.4 1101.4 1101.4 1101.4 1101.4 1101.4
447 TessaRamsden 1064.6 1064.6 1064.6 1064.6 1064.6 1240.6 1240.6 1240.6 1240.6 1240.6
448 ThomasReynolds 1209 1209 1209 1209 1209 1385 1385 1385 1385 1385
449 ThomasStolberger 1127.6 1127.6 1127.6 1127.6 1127.6 1303.6 1303.6 1303.6 1303.6 1303.6
450 ThomasWilliams 931.4 931.4 931.4 931.4 931.4 1107.4 1107.4 1107.4 1107.4 1107.4
451 TimDennis NA NA NA NA NA NA NA NA NA NA
452 TimFarrant 1194.2 1194.2 1194.2 1194.2 1194.2 1370.2 1370.2 1370.2 1370.2 1370.2
453 TimJowett NA NA NA NA NA NA NA NA NA NA
454 TimLongson 922 922 922 922 922 1098 1098 1098 1098 1098
455 TimWebb 836.4 836.4 836.4 836.4 836.4 1012.4 1012.4 1012.4 1012.4 1012.4
456 TimWright 1118.4 1118.4 1118.4 1118.4 1118.4 1294.4 1294.4 1294.4 1294.4 1294.4
457 TomasCalderon 879.8 879.8 879.8 879.8 879.8 1055.8 1055.8 1055.8 1055.8 1055.8
458 TomDavies 752.6 752.6 752.6 752.6 752.6 928.6 928.6 928.6 928.6 928.6
459 TomHarding 1093.6 1093.6 1093.6 1093.6 1093.6 1269.6 1269.6 1269.6 1269.6 1269.6
460 TommyHayes 1239.2 1239.2 1239.2 1239.2 1239.2 1415.2 1415.2 1415.2 1415.2 1415.2
461 TomSpencer NA NA NA NA NA NA NA NA NA NA
462 TrevorCarswell 862.4 862.4 862.4 862.4 862.4 1038.4 1038.4 1038.4 1038.4 1038.4
463 TrishFaulkner 737.4 737.4 737.4 737.4 737.4 913.4 913.4 913.4 913.4 913.4
464 ValerieRogers 868.2 868.2 868.2 868.2 868.2 1044.2 1044.2 1044.2 1044.2 1044.2
465 ValRobinson 698.2 698.2 698.2 698.2 698.2 874.2 874.2 874.2 874.2 874.2
466 VictoriaStott NA NA NA NA NA NA NA NA NA NA
467 VivienBloor 833.6 833.6 833.6 833.6 833.6 1009.6 1009.6 1009.6 1009.6 1009.6
468 ViviennePrince 874.6 874.6 874.6 874.6 874.6 1050.6 1050.6 1050.6 1050.6 1050.6
469 VivPrince NA NA NA NA NA NA NA NA NA NA
470 WayneAspin 938 938 938 938 938 1114 1114 1114 1114 1114
471 WilliamHayes 1043 1043 1043 1043 1043 1219 1219 1219 1219 1219
472 WilliamMacManus 758.6 758.6 758.6 758.6 758.6 934.6 934.6 934.6 934.6 934.6
473 WilliamPower 925.6 925.6 925.6 925.6 925.6 1101.6 1101.6 1101.6 1101.6 1101.6
474 WilliamRichardson 864 864 864 864 864 1040 1040 1040 1040 1040
475 WilliamSteel 741.8 741.8 741.8 741.8 741.8 917.8 917.8 917.8 917.8 917.8
476 WillTidswell 1035 1035 1035 1035 1035 1211 1211 1211 1211 1211
477 YvetteBaker 1023.8 1023.8 1023.8 1023.8 1023.8 1199.8 1199.8 1199.8 1199.8 1199.8
478 AlCory-Wright NA NA NA NA NA NA NA NA NA NA
479 davidseward NA NA NA NA NA NA NA NA NA NA
480 EugeneCampbell NA NA NA NA NA NA NA NA NA NA
481 PhilWood NA NA NA NA NA NA NA NA NA NA
482 CaraBradding NA NA NA NA NA NA NA NA NA NA
483 FritzSiegenthaler NA NA NA NA NA NA NA NA NA NA
484 LibbyMcLeay NA NA NA NA NA NA NA NA NA NA
485 RafaelavonFrenckell NA NA NA NA NA NA NA NA NA NA
486 ClemRolin NA NA NA NA NA NA NA NA NA NA
487 owenevans NA NA NA NA NA NA NA NA NA NA
488 PaulHorner NA NA NA NA NA NA NA NA NA NA
489 AndrewPealing NA NA NA NA NA NA NA NA NA NA
490 SteveSalmon NA NA NA NA NA NA NA NA NA NA
